01193
4254
42731
2639
2762
5070
5119
2113
5191
49121
51881
486
2761
2449
311
5185
496
45340
5533
51884
5849
34830
2760
4160
3594
5780
53010
4871
2766
V0254
45829
53190
51919
E9320
41401
2724
4019
80506
42823
2930
4538
E882
4280
4011
V4502
V1254
8020
78820
V4581
2252
7140
7102
4430
53081
V4364
V4365
41519
5779
V4582
V5861
V1046
V4501
4378
74781
3485
9092
34590
73819
27800
30001
42843
41071
5990
4275
4148
44020
25000
5997
E8796
00845
42830
40391
2875
2800
5789
1120
4401
V1005
2765
4111
3659
3051
86803
3970
07051
07030
30490
042
78057
42090
42732
53551
11284
73027
30401
07032
4233
28529
2749
07054
412
49390
30000
1983
6826
1977
1970
5939
28522
5856
4251
4589
28521
6961
70719
42822
45981
V4511
V4986
2859
V1582
56210
3669
99811
5559
5781
1536
27652
5551
V1251
79092
1363
2189
46450
51189
47824
6950
46430
0415
7907
5180
42789
5770
9974
57400
57410
5859
41400
0389
99591
57440
9998
2554
48283
4464
2869
99592
24900
70703
70721
4476
78791
73300
4439
V5867
E9308
25080
V420
4241
9971
4271
7318
73017
25060
3572
25040
58381
25050
36201
41031
78551
20280
99672
99812
2851
V08
V1051
V1011
E8790
44021
V1581
7824
03842
5845
20158
71828
78552
51882
6822
34982
7823
2874
5761
5712
5768
5722
30501
5723
78039
9690
72888
30560
9899
E9503
30928
72981
78559
570
5163
53011
53560
7904
4168
40390
32723
79029
2662
30500
30502
78659
07070
40301
5855
2767
3342
2720
7242
73679
34989
03849
431
3314
9962
2536
9950
4582
E9420
42831
57450
5771
04104
0414
3320
78830
5762
43491
99739
9972
45383
78729
25002
3159
V463
E8798
53140
53501
80600
81200
E8889
7230
87342
34489
56881
42833
27801
79311
82022
9975
7885
41402
2948
49392
319
4238
1963
1972
1960
1748
V860
4572
78609
V153
V5412
E9331
5570
5400
V552
5601
V553
41011
2830
2518
40401
5854
37701
4372
4258
2768
30521
9694
29689
9654
30520
27541
2753
E9500
V4579
4240
60000
55320
7210
6000
2989
E9379
78701
56400
78907
78060
28860
V462
5303
53550
72283
2809
51889
5609
2704
7994
28850
55090
30563
30503
4941
4270
33829
7921
8600
80702
8056
8054
8082
86403
92400
E8147
V8801
V4571
4321
430
34591
V1082
49320
7821
V4987
0270
3207
7895
99674
5566
V5865
73390
28804
1749
78061
V442
V707
78702
2853
V4572
V5869
0380
3202
99663
99813
340
48241
51883
47874
6930
4260
20410
72989
E8859
8404
7213
185
70714
70706
43820
V090
40493
V1052
V451
71590
4263
261
7872
V444
03819
1519
5370
2867
78062
27669
485
49321
56989
41189
V440
2763
78829
5118
2920
30441
30411
1735
7243
V441
04119
4592
42832
4139
99664
51909
9658
4821
E8508
53450
5679
56889
V4586
5109
33182
29410
30391
2910
45184
V600
29181
30301
1911
99859
3203
V1085
7837
59970
E9443
78009
86504
80502
80709
8088
86229
86405
591
99654
E8120
86121
56983
56722
5724
5715
45620
27650
725
99662
36230
53511
4239
4210
73730
V4573
E9342
27542
04111
04109
0539
7291
5307
36589
36250
1562
1962
57511
V1043
4414
55321
19889
3481
78550
V1009
59010
27651
2410
V425
V103
5283
78831
2810
E9478
1891
53082
53012
1179
1628
1985
51181
V1087
2440
V667
55200
25200
2811
5852
2883
0382
38300
3829
28731
04186
4599
53540
3310
4389
78722
5602
9982
99673
56081
56212
5750
2939
1952
19882
1981
1976
1975
E8794
E8497
4558
4420
7850
78959
4561
79001
30392
4169
2911
53789
2112
4802
7011
1919
2731
1890
2469
V180
V1749
V163
2764
28800
79902
41072
V173
53150
5672
34510
3569
V0980
3576
E9361
53085
3129
3181
V1204
E9363
78720
7955
4940
4400
5531
5738
V1272
29680
71536
4556
V4589
V4577
80325
3484
E8809
51851
34931
29281
E8788
E9384
E9358
V454
5778
V8535
30981
3694
V148
V1541
V146
V1508
V1504
V140
V1505
V145
99831
99883
53641
5950
7070
V550
V1042
V433
03811
V461
V422
2794
70901
42820
V1302
33520
34400
53390
481
V1201
3574
E8709
34839
70704
70707
3559
04185
30590
72885
2752
V0991
8208
9964
8220
V4975
E8784
5184
34200
29590
56211
5695
25082
73007
6827
70715
E9424
E9310
25062
29620
5853
3099
42741
V1002
25012
5711
34501
3483
34500
25013
6953
920
53530
71947
6823
41041
95208
80126
3361
7197
E8490
80122
7802
72402
43310
3962
9986
V641
E8705
4471
2740
4660
24220
4829
3363
72740
72141
0413
28981
3241
73008
7211
V6284
72271
9341
5194
E915
4373
33394
E9378
07044
07022
45621
2841
30553
7847
7245
80705
V1551
33811
43330
71691
99661
5121
E8782
45182
44629
8670
E9305
E8781
E9289
58089
71690
44422
56089
34831
44421
42821
29690
5716
4552
2866
99594
4131
4299
78059
5128
515
4578
4928
5730
V0382
53100
71591
33819
79431
72400
78841
1560
99590
1978
57420
29633
9630
9661
E9504
V610
8500
29651
3480
E8786
43853
25001
44022
42840
28989
V4973
7295
99762
5733
44031
44024
20190
V1089
7283
29630
29520
6869
3003
3332
E9352
3383
5110
E8668
V1584
73311
1625
29900
7580
9973
7294
25043
25053
25063
58881
58389
39890
501
6010
1889
78650
V5866
3540
82531
82529
8911
E8161
42781
1123
4570
72982
2512
72889
2700
V1044
1173
4846
25070
585
48230
82009
41511
9125
5641
E9064
78003
70711
43882
56969
70709
2738
85221
43411
56721
7843
99702
78901
7963
4830
7810
53783
7101
49120
41061
78001
3453
99731
25061
25051
5920
1122
11289
0417
2270
1623
1961
73319
24200
1514
7910
71941
78065
37230
2710
3942
39891
2713
3898
60001
78052
V1588
V5417
85220
20300
9212
9248
78093
V5831
41412
4142
35800
2181
6171
6146
2967
V138
V1209
7876
E9496
E8499
29572
9160
2819
3708
37941
7905
70723
1103
60886
70725
43811
4568
49322
57490
7804
586
47831
1733
55092
2559
04184
5848
7863
E9426
28984
59972
8850
E9194
40310
V8741
7100
V4983
58281
V4512
78630
V1255
34690
E912
4242
3543
4162
99679
E9479
E9444
1125
3568
0388
99659
42842
6820
25041
99931
E8791
25003
3501
V1079
7866
2912
30300
5728
1550
4590
49122
53019
2880
7856
99889
34290
1991
2394
7892
36234
7209
28959
78652
7813
85301
63320
6391
6396
6398
5680
2165
V230
7806
E8844
44284
9663
96502
9708
7931
7135
5960
3004
E8540
56213
56982
2721
99603
44101
5193
71106
34292
78451
V113
7464
95892
0701
E9174
4919
29570
9693
34281
59971
7812
V642
7906
34291
38600
2411
4387
43300
99643
72709
71865
33828
71105
56981
99647
2409
99666
V1041
40291
2848
73313
56409
29562
4359
53531
5710
9999
72210
514
4739
E9354
V1000
V453
135
6989
51901
34570
5989
43889
V1259
2387
4580
2384
4553
23875
29040
28249
43883
43813
3580
20212
20213
V4611
25541
4588
193
41021
6954
78900
56985
99939
9992
5790
3518
41091
3899
7873
7818
36846
04149
3079
7991
8730
75312
42651
40311
74763
72142
317
45821
07999
57401
7820
56729
V1083
6929
9331
45384
5647
45381
1512
0090
56723
4820
2858
2689
V160
V1007
V1271
5302
99593
99932
3545
04112
3542
3550
5718
7244
22804
4870
E9313
7384
2532
7200
80116
8024
E916
70400
2890
V8530
E8708
V0261
V4282
V4281
4847
27900
78097
E9394
V1004
E8785
78099
V0259
0416
2448
23331
07811
E9351
E9452
73314
99649
73309
5178
E8495
0312
0310
4539
5932
99681
29411
V430
E8498
E8780
V643
4371
34202
7845
57431
42971
72252
03810
5809
E9422
70722
44023
28419
5961
3313
V452
4822
V182
7455
23873
V443
36900
75563
81201
E9288
70710
81240
1129
V4361
E887
7854
04189
81221
73025
V5415
1610
V4976
45341
37854
V5489
V4962
99678
64224
4010
E8532
3589
73741
V1301
5888
V6549
4149
5699
2390
5690
71107
29980
29560
70713
70712
E9395
55300
25022
25042
4465
V1003
1541
E8792
56962
80321
34889
V6441
37900
V8536
81341
81402
7249
42091
9951
71945
9210
5793
20283
29650
E9317
44103
3441
30390
V427
57470
V5331
37991
1552
99779
3449
30400
5111
71104
30561
53110
71598
1629
53541
79901
E9429
25052
3510
2419
8028
80232
87344
E8849
87341
9961
68601
90253
E8716
99642
27739
4379
7078
3489
5183
4370
5225
33900
99645
73342
4412
V183
5379
2812
1973
0419
59654
99604
3331
0088
24280
68110
V4972
5579
4422
7948
7944
2769
V1072
1518
9348
99671
5130
3439
5521
40491
566
E9300
4550
27401
V5332
9349
V551
51902
53642
73016
80700
78459
E9364
V1351
V0950
9340
78194
V549
E8783
7919
85182
7220
0383
48284
5569
34580
V4459
V1006
80110
E8298
85180
82392
8058
8840
29532
87343
0979
30571
09152
57149
605
E9309
99709
80501
7817
3071
30183
56489
3093
30423
31400
30393
E9359
30541
7881
71596
5368
4110
V1659
6918
V6442
07033
2396
1912
9351
2550
4232
42612
V5883
80121
80112
45342
96509
3488
E8502
34540
78899
4720
78261
28803
94108
94800
25072
1759
36816
3968
24290
1538
99676
04100
7840
53240
2558
1578
44102
99749
4408
6960
1729
4352
5272
0785
36320
2441
42611
5921
7851
53290
31401
8026
2864
E8888
36500
36565
56949
5829
2825
74689
8602
80701
6191
44032
4413
72190
56039
42490
73028
47829
70705
2860
71946
27803
45389
99881
34680
4659
24991
78079
7212
42989
27787
35989
7589
78904
28861
V174
1974
4264
V1252
82021
452
45387
45385
5363
25081
V020
3599
7292
73019
6111
60784
5839
73605
4294
8832
9035
5819
E8880
9556
2630
72293
7862
41001
53649
41092
5571
07020
99799
5081
3963
86500
8505
87201
V011
78321
53089
78839
4269
2339
V556
7098
36960
475
67454
1984
37749
3688
30029
2127
1589
78951
96561
E8581
5168
1522
3315
71855
47879
E9315
99667
30470
V152
V151
80606
86804
41042
5964
2771
33818
80707
9587
6262
23871
5754
E9393
03843
0527
0521
0778
3570
E9346
3379
V5411
28866
56942
V446
9093
99631
5968
03812
70724
1119
42099
75162
4230
44481
8744
7508
72751
5720
2839
7142
9724
9623
E8583
E8580
81342
8052
80503
57512
5600
73382
E927
9054
E9299
53200
25030
2126
41051
72992
6959
2534
32721
2971
V694
53170
29420
1918
7336
1830
5678
2148
1725
28262
5173
7822
99832
E8789
2116
30420
4809
4281
2166
92411
E8261
V1253
E0064
1121
4472
59382
5934
42610
49300
3330
2873
3238
05319
36210
3558
99677
04102
E8150
3089
5880
25208
4549
V4574
5401
59582
5080
69282
45183
6945
86503
E8160
44322
59969
34280
60091
3229
37852
4329
048
78603
2651
07983
37810
41090
71516
25021
2638
V5811
3009
V1081
96500
71535
27730
71101
E8121
73719
57451
5568
41404
490
3432
6821
75683
0218
70701
70720
32742
1700
1609
70700
7310
72291
0549
71481
37515
7861
36616
V4363
78002
99602
78639
5122
7313
V4283
3210
1175
6279
43401
37887
4843
0338
9980
1570
80605
80136
80704
82321
81501
81601
9190
59080
55220
79989
25092
1987
2330
67404
E9387
0391
58889
52100
V4576
5935
59389
56941
03844
25202
5651
73710
85201
5799
5959
71943
61610
587
30540
E0070
25010
1548
1966
7141
81209
81109
8700
8820
9213
36274
1510
5589
42769
82525
70702
9720
E8538
99601
4262
E8748
79021
9068
E9298
25201
9070
E9290
23874
79022
1530
03840
1508
86112
8074
86132
90142
8605
9584
5100
1509
4404
73026
0362
V4575
1892
5721
55221
2535
4466
07989
V8539
2156
2781
62210
4881
220
3239
2888
0542
3334
4409
2631
85181
E8801
71695
34460
05479
0490
20288
6181
1531
5798
07071
V8522
6201
73349
9983
42613
6824
20010
85224
E9682
27788
4779
2900
71615
7530
E9330
2357
2397
5300
75612
30570
57510
69010
9766
E9804
73006
44589
29640
E9398
7423
E911
30302
4786
5290
4353
45989
04183
80507
3519
56961
20510
53021
38611
V4561
1534
E9307
0859
67311
66811
64131
66612
67432
86401
65971
V270
85305
55229
2180
V644
44771
2511
E9323
73739
85306
80708
5552
E9304
E9319
42761
2832
73015
2115
3575
33384
27400
4801
6012
42979
E8187
37239
7105
72401
E8700
30924
1913
9993
3209
85162
85102
7816
E9430
7099
3689
72973
56738
4778
85202
E888
56481
99769
9072
E969
V555
30550
3017
30562
4255
4295
41405
58289
28240
V142
80111
37272
E8810
80703
81003
81103
8910
44489
72887
20191
7231
V851
75319
1539
7299
20070
2452
0085
38010
2520
4423
5821
3941
1888
1504
99669
64893
64783
65953
64233
V854
85225
83901
20500
2894
74101
9181
7248
85200
80841
4296
59651
4290
E9303
5226
V1542
30443
2273
E8881
9802
E8603
49302
34550
9050
E9293
99682
20210
7083
1921
6019
27549
71236
E9421
48289
9698
25011
42682
78909
4419
E9438
59960
7831
34461
20078
V536
2722
E8543
4738
82101
20302
80505
5244
52340
28489
1982
E9173
45351
4719
07052
V8541
35579
2733
53340
8242
88100
2898
65221
64421
64861
64821
64831
70219
4540
2182
6202
V1202
67324
64274
71430
7080
81502
37943
1572
1971
4610
78442
5296
5291
217
5772
36231
36901
37741
32351
2707
80100
8470
99686
59381
5988
2870
5550
42511
1533
0093
0780
7902
2356
2454
53784
45375
6110
27509
4267
53270
4416
51852
86345
5693
25020
1532
7048
4808
20400
43311
3482
34201
035
V4585
30750
7224
E9447
6988
28982
E8799
9597
3549
E918
80432
9534
81101
9514
9515
2381
4532
87363
2388
60789
72691
E8762
30593
32082
5739
24960
5362
92410
542
35981
449
53020
71109
8449
9957
7842
37999
71696
95909
7202
7503
4259
34481
43331
7234
30552
V0981
V8532
V4569
V161
6828
57461
30002
4231
51631
44773
8604
92232
3369
2751
34620
V5302
08881
04082
0579
5650
0340
43490
3592
53250
1744
1881
2980
7830
41081
78071
99644
48282
48242
5172
V850
4536
45382
28749
82020
99989
78703
80025
86402
80125
8025
8260
V1552
E9063
E9411
72884
33183
57491
3581
5373
2521
78094
2592
20936
20975
86501
E8192
V5419
3940
53440
36281
7935
5120
43821
E8843
33821
9989
4171
9984
78605
20021
V170
20020
3529
78760
4460
72292
78799
1914
5528
35801
V1029
1640
27949
E9348
2191
6271
6170
2210
56882
7993
7020
38870
08882
V1279
20401
2774
4266
3341
78606
71595
4920
4555
4618
0796
5259
85011
E8233
87320
83402
E9325
V4960
81344
40300
5851
78604
9726
30481
V652
30151
1763
53400
3960
1537
59589
V8533
2739
5691
2555
5951
55010
74685
78906
72972
2538
40290
48239
7590
38861
73399
3384
30789
V554
V189
E9530
29634
V489
71103
4320
5969
2375
V1241
55329
41032
71901
1622
29530
56731
6825
80311
8240
61172
V8389
2899
7990
4358
6802
41410
70583
53782
56984
7469
41082
35781
99656
9243
1965
71906
V1021
V1084
2773
44100
41181
7428
25083
04110
390
1231
99982
37881
2564
1543
25542
05410
4440
48249
25090
V626
2849
V632
86602
81354
8751
81000
81401
E8122
8793
9032
88122
9571
7533
44030
9100
56200
29212
1769
40591
E9413
4417
5811
V4984
1521
27901
28732
7019
932
V1242
85226
3668
78838
79439
44283
E8842
E8190
6011
28863
5305
99641
37313
72705
80604
8072
44281
3438
3337
71849
47819
075
2254
7226
1440
23879
82130
8221
82320
E8811
81100
E8845
938
9352
41411
2572
0931
96501
E9800
84200
64781
64621
65641
64891
65951
V271
0319
30421
V8542
5881
V1001
E8846
7517
2758
72611
80423
80843
30471
9011
8281
1501
6273
0412
28809
E9356
8469
V029
99609
4770
4560
99675
37200
07819
6238
1551
436
43320
4478
99685
0499
27950
69589
52809
33510
3910
72700
47825
7280
7051
2862
9678
E9502
E9390
51911
28951
80315
2734
V8538
3698
4470
E9344
V5339
1101
2111
7454
74729
22802
53220
7429
20240
85100
2913
2732
2376
22809
99529
85302
E8136
99668
74721
7062
7868
2861
4293
52801
60889
80022
82302
V4450
3961
V168
3499
V4289
2669
01190
99652
5539
7992
1588
42689
7470
57471
34404
34403
9099
E8493
42653
9953
V1509
E9389
V716
5233
30523
3643
9697
0041
36217
E8542
73341
E9397
4571
2443
28411
E9353
56987
5523
6140
78066
05413
05419
82002
73734
60499
45910
43819
47830
E8501
75983
2382
7149
0949
V071
1620
E9391
86415
86131
8601
E966
9029
V4588
5713
7596
87374
8745
E9554
85194
87359
44389
5280
0092
6208
1505
44772
500
53781
V1047
75481
E9179
27403
95912
6084
3368
3090
5304
V0179
52800
53510
99791
5563
7942
5735
7038
5942
5941
79094
6079
6089
60883
3699
79099
67484
2759
7109
79409
7366
4531
80621
8244
82301
E8504
20000
80026
8738
86601
4178
3220
43380
1579
138
37730
3102
0091
V1053
72886
096
E8706
03841
27903
5846
936
7510
20002
0543
V166
33372
3336
7961
3373
2391
64803
25093
64663
64903
V618
64833
30431
75169
75313
37273
41012
05472
9047
9053
1373
6806
1715
V141
78721
44329
3682
E8550
V118
V620
V624
20080
53260
9691
9800
75989
4785
27906
59000
53370
38612
2863
5374
7852
11599
7864
3553
47875
3593
541
75982
V1641
1820
V162
1307
3240
23872
01896
2822
99851
V8543
1370
46619
2893
01194
37430
E9385
7801
2728
4530
3180
30473
73018
V8531
36563
36202
36544
36570
82300
8248
53561
71233
42983
36000
86502
79093
38910
69515
78842
V8537
V175
71531
7485
7483
99801
95200
95205
7218
28319
2871
29010
78600
0030
V023
42650
1211
3371
56782
5562
60090
2879
82123
95901
E8703
75317
79579
25073
8921
E9209
V8534
44381
7079
4480
30410
6160
2352
71120
1361
30751
4386
7595
71589
5755
25071
99657
3536
20030
92421
45379
1124
2730
4838
30461
E9347
7015
E959
V5413
43301
43321
V5862
01300
78903
2154
78832
20380
2141
6253
5361
71949
1479
6951
60783
7462
57430
5192
7833
20501
6260
36847
7103
7835
0479
44324
3442
5371
04101
33119
4257
41513
6173
6175
6268
393
71930
1420
36043
V017
47411
85222
1624
29041
9670
E851
84500
E9501
30015
75310
35782
5224
41419
8246
3201
5060
E8641
7424
E8257
87202
9570
E0009
86404
80508
9081
E8197
78902
29624
1739
4581
8080
9729
7235
33391
7093
0530
45377
8407
44321
3490
4548
01803
5581
4441
67323
64863
63592
64843
64203
5764
9828
E9809
4272
4474
7018
9722
85140
43410
82121
3319
80320
V0481
4243
2949
9753
V4971
20281
20200
82382
6141
41403
1969
59789
9947
4351
2539
80706
5582
2777
53210
2929
66551
66921
3950
4411
V5041
71942
79319
72610
6203
00581
262
34511
05313
46431
78050
0529
45374
45371
27661
V091
V568
V143
28851
33523
49381
8930
81203
83109
9110
9120
41512
2699
1707
2142
V653
40501
86101
81302
99527
E8704
0971
42841
7104
28260
64823
71966
5078
V581
34600
61882
5409
1968
6072
56032
34409
6164
61650
55202
3619
9701
71902
0074
58181
43830
7962
73681
4380
1710
78930
6119
79009
462
80101
6180
6256
36800
0520
4200
1716
90241
7420
99809
9878
E8698
30021
463
20301
46451
33729
6040
1450
1986
4731
27789
7871
71198
V1261
E9401
1639
5181
27503
37853
57460
1369
29384
E9803
68100
2755
2884
57142
6970
37300
1602
5264
4479
734
V8544
90221
8760
8792
25510
56986
53570
7354
5538
45189
V5427
6983
8300
81305
43831
92401
E9571
9173
E9208
1540
78723
1642
V1088
2537
99732
43400
3577
47832
27482
20260
99833
7937
V5416
5238
V1091
33379
E9451
79381
470
2104
4780
4781
E9278
4510
82129
9581
E8384
85205
71916
2528
30591
3949
78199
2808
81220
4519
53291
28243
33189
2979
73097
6829
30551
9089
5258
5239
78449
0318
E9383
1764
E9318
E9306
55011
2778
9130
3530
V8745
33721
33720
34691
4730
57481
25031
5758
81301
2114
3234
33381
7010
99665
25033
72669
3693
99683
V421
72789
1177
5260
71500
73630
V5482
V8821
9651
43812
72273
1980
87261
37630
73743
57441
7296
V9089
28730
9221
5812
5275
5831
20023
29282
78863
36813
71509
79389
7945
75889
V1090
2750
23772
59659
2541
37520
3014
85242
32719
33812
55091
30430
2698
2798
68102
71530
6272
75733
51284
71699
1630
6101
5670
4718
4710
4732
52460
28802
28950
30150
19881
71534
538
1542
1104
40403
V171
83101
72761
94204
E899
990
5963
2903
30403
3101
4542
E9382
9713
30989
7513
V4963
85402
34541
V1529
V0262
07053
684
48232
5164
78934
6178
6264
7092
20220
8860
81611
99693
7964
V5841
53300
V1203
85246
E8500
E8541
9696
4841
00869
29389
86354
90254
88012
86813
V5481
1580
47833
5982
5289
2355
81403
73004
20192
1765
11519
1761
79551
5933
99700
71698
V0253
E9412
20290
7514
43884
20005
37601
0463
8064
2513
27502
7069
60782
88000
8830
8900
8770
E963
E964
27411
44289
38630
V5812
2459
1945
8708
98989
6274
V074
E8619
1726
56789
43822
4613
4376
37851
4612
55093
80306
3591
8710
8716
42652
88101
1611
83100
5966
E0089
73005
V426
V1061
80236
8728
59689
9752
68609
502
5160
1520
75550
9273
E9196
70401
V1507
7089
8603
8796
9598
E8191
86509
E8181
V169
86801
85300
8821
9040
9042
81511
8912
8750
E970
8672
38869
80326
80220
0478
6266
5285
8411
83501
81308
V3000
76515
7718
769
77210
7732
7746
76383
V053
78055
94224
E9248
V3100
76518
7742
V290
V502
7673
36522
V331
7793
76406
7708
76516
V3101
V3001
7765
7783
7706
3952
74749
2143
28983
23877
9140
85186
E9688
86339
81212
E9579
1503
20198
1272
78843
2972
24981
05312
20022
63411
64824
6214
44323
3222
33399
7012
7756
76405
76495
75251
7761
V3401
76502
7707
76501
7776
7623
7766
7798
36221
76079
76517
V721
7731
77431
80312
80322
9948
74762
82111
E8230
E8231
3249
V1309
V872
6144
7587
2821
20047
74769
V8489
8439
37432
38915
53490
4619
72990
2337
76409
7790
77213
7671
76389
2334
7750
6851
7702
7260
5902
V4965
9916
E9010
8245
9046
9529
E8496
99701
E8556
36641
71580
51289
E8232
0790
2370
56971
325
3019
72672
73315
9563
3551
V2651
1561
66561
65571
65661
65921
64892
E8130
9222
81400
57411
57421
56031
V110
76519
7624
V1643
74193
7661
65613
74511
74710
7564
29623
5564
V1649
70409
75689
5439
V0189
71694
8861
81603
E9201
2824
7593
73629
9064
4279
2865
71912
24901
64661
64201
65671
65421
V252
E989
94214
34401
7934
7068
46611
E8764
80609
80624
80629
53241
80466
81250
81343
83908
38830
7775
7724
7617
82332
90450
83660
90441
2230
55120
48240
45386
46400
3561
52689
E9198
1568
1619
33385
E9392
7827
3410
0272
94421
74761
73301
1535
30491
41002
61179
E9399
28311
99589
86389
86329
76506
7703
77212
7797
76514
7795
71846
2250
83401
81323
88110
44620
53441
6039
1418
1449
E8110
23770
74100
1874
9245
V198
1743
73712
20282
49391
V435
9627
66131
66531
66541
64881
66632
66411
65961
64822
5759
3839
2726
34551
34581
30522
72290
V1652
677
2718
4533
V5423
20150
72633
V109
3340
7960
3674
73689
27953
27952
05443
7560
76496
6910
76497
75261
99567
71887
3804
2119
7028
4219
36001
683
40490
2788
7726
95204
34402
E9170
E8494
8249
9051
13109
75679
9779
E9805
326
20287
78607
43840
7811
78724
2251
7808
20920
3911
20411
E0010
0498
1618
1251
5198
45372
9220
81602
V4985
86802
8250
88003
8748
38022
2155
5734
V1071
78937
66511
66602
66941
1940
81383
V537
7714
85206
07031
64111
66911
05379
0400
78651
33392
5279
1732
37924
73316
85216
85256
7722
7633
83805
80639
32381
3548
81311
E8129
81259
88120
88121
9031
9562
9228
9238
3798
1638
94532
V5426
04671
42291
9180
E9370
29592
80023
25023
1490
38860
87200
20921
20973
41010
44502
20480
1108
V5309
99800
80120
81500
9942
2706
9680
34431
6924
9778
96901
30580
E8551
9588
37993
9809
E9509
4253
64804
56781
75482
7383
0039
9760
82131
V4509
32727
74190
8021
9055
1910
20402
5282
2395
36970
34881
30781
67153
1950
48801
V167
1458
69512
69550
78933
59011
7289
9524
2373
6162
86103
80620
71986
71895
1208
53500
1209
1398
99561
5996
5967
82330
81503
E8918
28952
3109
64303
7946
5952
7458
1718
1511
V5863
43852
64264
64784
64664
64844
86381
86321
E9068
E8702
2309
34670
V1501
1915
1728
99639
71191
6038
2594
7534
1471
3431
71213
29285
72703
4375
V5049
V8409
20412
45352
79959
64271
64862
37950
1613
9020
V561
E9871
05329
60490
1649
3897
35921
5731
3380
3578
1643
V1069
86239
E956
9754
E8586
9755
9711
75651
33511
6938
E9301
V7281
1105
8448
5642
7265
V1585
V4989
2931
7542
3158
3068
4150
94504
78469
55012
4918
99689
V1062
9920
E9000
E0011
9773
632
6392
20957
36283
62130
33902
78821
E9425
1574
30250
V714
20312
20008
6981
38021
38420
E9689
3419
3418
4733
1109
53311
72939
9172
4289
20018
7461
45119
80130
7131
E8744
45376
5692
V8524
71594
E8162
66624
66914
67014
6150
64251
67402
65261
66331
65651
65801
V272
7041
04089
75611
2271
2117
32726
72704
2371
1571
V8545
07951
7908
7238
34440
5298
73329
6023
V1389
44029
6190
V8812
3971
9198
V812
73001
6249
V560
V5873
2462
68101
V5864
82120
E8151
4291
7217
5644
5640
1110
7891
44621
72211
7859
74686
75322
V4587
2531
2218
72741
937
9952
V434
5306
E9670
9211
E9457
7836
38401
28412
86810
0540
71909
V8401
43810
1734
90301
V558
66111
64782
75610
81241
8418
27402
72743
2682
1612
1481
3076
28862
4489
3824
4170
3300
6235
0839
V431
9471
E8768
1720
38589
1648
83500
94323
94534
99771
71102
V1642
44409
20930
37140
37420
33390
94127
94425
94423
E9241
9580
72762
7108
0398
3082
32382
57140
2692
4551
2325
20205
1840
36840
43381
71593
99684
27700
4220
37143
1882
80226
6018
9196
5369
4541
38014
99933
37775
V1859
1529
81509
81600
E9600
80228
7061
37240
81321
V2652
78940
2690
1808
83301
81333
80229
267
6210
1330
31289
72403
37990
72871
81351
3709
4374
85405
0940
35971
2793
01186
92320
9142
80426
22801
9858
2281
46411
30011
76527
76526
75329
77082
77981
8870
81510
9552
9553
71844
77089
80131
76528
8075
1958
37311
9991
37733
9893
E9506
8873
E8600
74602
77081
76525
V3201
77989
E9178
85185
40200
7689
74569
80504
V1250
E9229
80435
48281
E9357
71965
V596
7452
7786
7701
260
3370
1737
8620
80625
E8353
87340
8089
9249
E8250
62211
82521
3555
7630
85240
7767
73340
44581
4421
27951
2889
76504
64683
7757
7634
9219
34120
V111
V293
9881
E8655
42760
37739
52109
05471
76513
76493
5561
56202
75619
74687
1478
77083
56201
76408
5981
9082
7612
7717
25091
74912
V289
80842
7504
9839
E9507
9010
82312
7515
7463
75555
64761
64931
1409
1730
94522
E9249
5560
E8199
92820
E8002
81243
86330
86350
77181
E9360
7716
74601
76524
82100
7686
7631
8029
8711
87351
87353
V3200
0846
37800
75981
7421
8488
7755
77211
64121
66932
64292
65441
64682
85196
7683
0912
01325
77214
75567
76402
76512
80238
80222
V292
7758
7622
76492
87412
6258
63380
7523
E8152
7774
5756
4959
7473
74860
76503
76522
99772
4473
86113
E9585
63311
76381
76407
7422
7728
37555
71913
71917
7676
80021
29644
V6141
1922
V5849
6984
75430
7660
42290
36275
3335
1713
30530
86400
8241
90289
75263
37431
7511
71226
20270
74609
7662
76382
29631
97081
30592
90140
95911
7621
7754
9684
9685
13102
E8528
87364
8471
11285
80441
80141
80030
81102
34211
3523
3522
24950
V741
01894
0049
85141
78064
99564
8922
86340
9161
76075
V301
01402
82322
1569
75501
7539
30749
9679
E8529
E9888
8083
8782
1641
2897
V1589
80106
1603
8822
E9222
73600
6948
81002
8621
30016
8504
40492
38015
9162
38900
47400
2776
77982
75321
73381
71903
86600
E8227
86122
87349
3236
E8132
E8841
7771
9585
7792
76498
6259
7678
V298
4449
3100
V4284
1880
V058
81231
4377
1309
82003
7608
7788
E9338
83104
7700
74510
95203
80476
V222
90003
4475
80616
V4578
74259
75613
7563
75470
75489
37940
E8793
47834
1464
E9175
5994
78031
E8282
80301
85173
8027
34981
V1049
80020
52101
3360
7780
9561
9530
243
37923
36372
7828
7670
V625
79400
7615
80500
3094
20780
36203
20502
1390
34210
8851
3552
80601
E9441
8678
8676
76505
7721
7611
7600
V448
32341
36841
E8133
80223
78834
226
33382
64244
67434
6159
E8126
81382
80076
81251
74742
03285
82110
73609
2121
2123
2515
9941
67403
20208
7535
7712
9592
5753
75315
74900
75511
75513
7672
74489
6944
7282
6952
80071
81322
2599
2519
7358
51853
86232
9086
3541
5187
80015
04182
9642
E8582
0844
86222
1724
78931
86513
7566
86412
6142
03641
7741
7764
7730
78939
4784
73722
7467
80115
85142
80422
9149
80174
80221
85314
80164
9500
96971
9733
E8503
E8584
71432
E8624
8749
9038
7920
1414
83902
7778
9056
2552
4958
9664
72782
E8241
66634
64864
92231
59373
88102
5199
61689
43850
75432
80360
2840
67204
08240
83809
80102
E8156
80421
81318
90141
38912
37716
37710
94332
94234
45350
64814
V0381
V063
V660
72272
83920
E8853
7627
7930
E8131
E8251
E8211
56401
E9588
74684
80162
71926
7709
44282
29043
71230
95891
52310
7809
20511
41000
E8216
87365
75502
71537
7450
3649
00863
2727
29574
7610
3588
63491
85239
9009
85219
30480
85125
E9580
E8196
2940
7932
59370
3182
34571
E848
8731
1800
7585
37203
7569
3951
73024
6185
37611
37612
6248
80061
80151
30493
7030
64813
55841
4512
7901
""
8631
E9650
E9018
9913
1100
6979
76494
7520
92619
80853
7512
V040
V061
V066
75453
72930
2442
2799
74783
34710
29622
7841
76510
5206
3393
29042
E9991
77183
2358
11281
5830
5820
9695
4789
9080
07041
34282
71940
90089
7570
90226
86814
86399
86819
6188
80224
73729
7385
3590
74362
7132
85241
37482
7509
5583
E9225
37689
71155
95214
8920
V291
V195
75559
52510
78341
80001
35789
7449
20530
76523
1883
53230
2693
9510
6962
7784
6269
2380
1348
E8718
96905
67012
64811
66401
V0251
99653
8677
83979
8780
9260
37632
37005
36400
36019
79500
9596
3349
5929
8360
8361
1528
V192
V0482
5800
36101
73302
37556
74561
74722
30402
7625
3430
24990
81512
64894
70909
90229
20278
V8381
73022
73023
99580
E9673
8790
90222
7636
80626
80420
80430
80410
9539
81411
83313
83303
9551
E0162
E0000
E8212
59655
81332
83302
81393
80470
85109
7480
83300
81313
8795
87330
76621
11283
46410
37635
81408
20891
31381
36107
1460
80316
88002
8794
86809
81612
88020
76529
74349
2598
3595
71489
80135
99830
0392
6151
80132
E8260
74741
1300
87360
29421
77084
74365
11590
9067
59371
4559
59581
1832
1608
9094
9949
2164
13101
V1651
78096
71697
700
25801
3080
37452
7586
V9081
56944
7583
52400
74782
71238
7262
20050
86414
7768
V5399
V1060
5513
29383
87322
7936
3732
0491
05881
7222
34700
80425
52469
81307
99802
1848
74600
75269
85400
E9220
2540
2548
1320
1329
99741
00861
2652
37992
8440
29012
79415
74343
74902
82342
0048
76072
0311
7599
75526
80182
1573
8509
86413
74429
7481
74363
76404
5309
85203
36289
7628
75560
38201
7388
V5401
7350
7271
8671
9618
9614
24291
36040
78837
3321
0051
V1811
E0073
79402
75617
7705
1448
86409
80849
V024
1712
74560
E8548
53201
66942
67482
64842
2779
36362
71888
72999
71843
7279
E9433
9579
1714
20600
79399
6179
6270
20028
V311
75732
86342
76521
29699
63451
67451
29632
82133
V6443
83905
8409
V698
80012
9518
92800
92612
95215
3869
64254
73029
75739
30573
460
90210
82139
53084
9509
5643
E8740
0860
85309
78601
95209
23691
86320
59984
1410
64511
00862
75521
76491
85105
9392
7635
9712
E8555
1467
87402
E9538
77182
92321
85310
20152
37034
9895
E9053
V1502
87352
23771
V0489
85103
8972
92303
7888
85231
7325
74359
80031
0470
7969
E9283
37871
77189
37501
37000
37489
88019
2872
92810
9995
9735
6009
1431
7744
83103
76403
65451
75529
2510
E9345
7704
7273
7613
48231
72883
86349
E9654
71911
20917
20972
3885
76499
9605
5088
2881
V1365
51636
7466
85146
75531
74910
85404
9578
5071
77430
36189
1905
80172
82535
47412
8901
8797
75323
E9386
85229
53141
81613
81519
E9238
31239
2589
5769
86100
41022
85212
E9550
E9589
V062
75614
80165
8704
E8854
V861
0980
75479
85144
72781
82380
E8589
E9001
E9190
58189
28652
2367
2729
62570
74423
7540
64241
66622
65101
07810
82390
V1369
30303
1916
80032
75881
35922
2362
V1506
9559
9039
0880
72671
72619
6082
E9108
7541
E9204
9033
8629
6172
90220
80473
9043
9048
74740
29600
80416
V135
90082
0919
7720
85406
7626
30460
9013
9012
E9294
75016
75522
75265
6071
81352
1844
6198
2122
76719
V202
3789
9582
99688
73312
37842
42292
77012
9600
96909
94128
88023
9278
83200
4554
85175
V708
7441
30181
0360
76384
47822
7687
9523
E8200
28733
7582
2300
53640
V172
74922
38039
E8830
77589
V181
71847
7753
9001
E8163
3013
71222
74732
87373
2581
E9192
42293
118
73672
2308
29654
31234
76070
85189
79509
0794
V6111
75671
7538
7571
85403
72813
72971
20285
3573
37942
80631
86343
E9109
8243
82523
8798
34430
2329
V4614
E8609
7762
77018
V068
74683
1869
E8717
77016
29540
53251
86419
86331
86812
77581
5269
9095
82381
29211
29284
55121
01136
82522
0059
64841
4848
3083
28801
6183
E8123
81001
1723
86612
81242
84209
87361
87350
86603
76401
9557
8630
95893
6205
37633
37921
86130
V1059
77087
52406
75569
3492
8261
8973
81244
80239
29604
V155
V5844
77088
V188
V1851
83900
V608
V638
37603
1452
8872
66524
80603
80024
51900
80623
80608
9330
83903
83904
8799
6218
79510
2458
V51
7488
2169
27802
99640
1893
80607
80475
80485
E9177
82001
52330
7759
74869
V1086
1106
8362
74441
75019
8713
E8228
36812
90453
8702
87354
87371
30120
63401
V7219
6923
V0252
57480
2530
90234
90233
E9205
4292
66934
81010
E954
E8252
1768
8960
78051
20310
3434
E8860
80436
9528
V078
7913
2829
64801
67002
6145
64261
71693
V5881
75460
2354
9108
1917
33522
92720
92721
6200
2353
24980
1500
20218
20211
3200
69581
30009
75539
7789
92710
81419
81418
9034
42742
53521
V1586
36207
86411
8875
81219
9558
E9651
E8415
81230
81391
52333
92310
E9102
29524
77439
20590
8081
30014
E8348
2331
2153
56030
E8852
73671
4179
75839
78340
75510
3007
V1819
80324
90002
8742
8701
E8140
37443
2301
9090
E9292
36233
52550
52512
8055
86512
E9889
6254
96972
75262
5131
2828
E9445
6805
20001
25639
3308
E9380
86352
1468
86110
90182
7618
71907
72690
85135
80075
E0008
53111
53087
E8171
9061
1953
3571
0545
7475
67004
49382
7685
7536
E8217
30122
E9343
75450
V123
5847
3221
32361
38619
71235
7335
1760
8442
E8146
81514
88013
E8012
38582
E8769
6868
7796
1513
9075
74861
75249
7529
73670
76077
V6149
80336
9599
99583
E9677
V6289
80196
80851
81110
E8238
88001
5719
01205
80010
80375
80225
74923
64204
6143
67414
65444
66944
E9322
E976
01330
7592
71815
24911
76508
75520
20042
20040
5253
76711
80124
85184
E9081
83906
9617
9619
36206
07799
37275
9671
83650
3959
82122
7402
80171
5273
52331
1885
36403
37214
71180
24281
E8800
E9193
8970
86393
86514
80145
20800
3918
85145
81331
38023
7602
74330
9710
85101
81513
V6109
7791
9019
7321
V1012
29573
81405
81406
81407
V052
85215
1140
20243
36512
88112
66534
65404
75500
V5842
2827
2360
78491
45111
7711
7284
1809
V4961
V604
73002
73012
1941
E9687
1736
7773
70521
9074
83942
52462
00847
4748
23876
83400
73620
69514
69551
7176
74442
29580
6118
2333
V1741
96569
72664
1400
71905
E9408
2298
20890
V4382
9041
90081
90251
53989
30022
27911
80142
82310
30583
41020
3526
9513
80009
75557
3556
36510
179
7088
74512
30723
0700
9996
7355
67154
92311
34882
90287
E8141
80660
1488
24210
V6285
V6142
4350
8441
74103
7380
64234
E8180
E8193
1149
8247
30422
7500
75026
80006
53520
81381
85131
80109
V449
7929
73088
01504
80114
3612
37274
20722
59001
86351
90242
2561
74789
52410
V503
84503
8370
9390
80180
80080
37652
E8839
7887
V5422
68111
83411
E0020
38100
80711
E9679
E9601
28859
E0299
V016
53261
V8521
86384
E8795
E0061
36815
E0069
9569
79929
9832
64671
64252
65701
V9103
71597
88029
88111
E9060
52540
V5410
27501
9170
84509
E0190
75433
6182
9604
86611
8251
85106
6073
66604
74681
6850
75615
7286
92300
E8210
29575
85304
3445
99670
1160
E9460
85150
51634
V8523
79539
00843
8408
2823
E9291
67333
64403
E9011
E8587
9252
78072
E0039
E0076
9239
53013
E8381
71996
80372
E9132
9879
E8588
85316
64101
75314
2468
52563
90451
E8318
7505
71831
3888
7949
0993
37700
6169
05821
07889
92309
30759
33722
20929
75311
E8169
80150
80234
73013
25032
99582
72742
6184
82032
8170
8502
78869
71239
E8710
38905
V4981
36211
53130
9831
67401
74682
9610
E857
71821
20979
86800
86394
95207
71958
60011
2392
74401
52342
80034
2125
E975
80152
66574
36252
33822
1906
3671
80036
V8525
E8041
80175
95206
8712
1429
E9270
6940
75160
1951
94335
80000
94536
9462
81409
6931
86613
E8178
1515
31230
78033
35571
80610
80002
37189
80105
9171
74320
6390
5834
2978
55000
5970
5991
3348
64793
64673
36003
1738
6028
6289
E9324
E8182
E8554
V602
72191
72251
8068
E8840
3831
43391
87411
8761
2110
79923
V4031
6080
5949
8479
2130
2120
38921
78343
6209
36100
E0161
E0032
36251
01485
37882
78492
69510
9535
1455
64884
64914
8406
30285
90223
85204
85211
2553
86120
1727
72409
80176
34939
9473
9472
E9242
5763
3729
0849
0840
4467
0578
V6542
2702
47870
82534
E030
8191
8280
81210
73733
73711
2167
9747
E0080
63522
63512
65583
74920
36232
86510
0279
99586
36002
36315
V9010
V1559
37855
28246
64904
2650
1498
E9335
78704
E9463
5234
7763
83661
9114
79955
7825
83503
E8189
9132
9102
78862
20961
32737
40599
8076
5752
V2541
V2501
75461
63552
63572
65963
34693
52181
31531
64623
30472
71835
24201
5278
71108
E8170
78932
20951
V6129
2820
5235
1469
83209
81303
81412
73089
3061
3562
80227
00804
E9328
78905
78443
E8669
V5391
E977
34441
2137
80161
1273
20033
9060
33709
9531
7324
2150
7933
52108
81249
9894
9683
96979
38922
82532
82524
7333
90001
2379
V5301
1228
9164
1516
2842
1717
38000
7581
7575
8073
7785
5529
61804
V6103
7601
75440
86355
8787
8785
80710
65423
3749
7443
38832
37909
3491
1270
83961
66582
1920
7572
6926
E8654
9191
9911
05889
1884
92301
80082
E8405
9063
83652
E9019
7799
06641
06642
3212
8690
0902
74711
E9499
9224
64231
94840
78864
2149
6116
38908
80412
V672
V671
64944
4611
6149
5940
55129
V469
7537
37702
4481
72612
6809
9912
V239
30440
80622
E9620
1599
38903
0622
V403
9052
9308
80332
5277
64933
64293
55100
5832
72679
8961
E9200
5219
24230
73810
8871
V6104
95914
5822
0329
3769
82019
83202
81392
9301
78441
8831
01215
8371
71784
75566
8791
82132
92811
9065
9767
E9581
80085
E8341
86610
04105
86511
81504
81252
75010
8786
64133
01880
78461
9725
36105
99971
3091
58081
76416
E8142
9593
5804
3010
38610
71616
83651
1598
0239
E8613
72660
80235
83305
80016
1174
75616
38200
9631
7779
9890
77985
79589
E8552
2132
80160
62402
2386
E8714
9233
E986
E9559
E8127
E9340
5760
85190
E9850
47820
3029
V640
7484
7522
75219
90442
8472
71856
3509
64313
78891
73320
04103
V6405
75320
7981
47811
7620
E8219
9851
E8663
2588
V5843
63412
E8062
95202
80602
V0971
71515
7138
94100
80662
05829
05314
61171
53171
36523
5518
V486
E0291
E9455
8940
00841
29381
94420
73393
17372
1990
E9678
99581
E8585
05311
05371
53191
E9410
3502
E8850
30543
2118
36441
78262
0071
E9453
23989
34212
2891
99562
6213
36253
72879
7915
6982
69513
72270
1703
20003
6168
2818
8363
95899
V6282
99651
0793
99563
V1352
8364
30483
2984
37751
8190
9721
9744
6920
69289
V1050
52511
29289
V4966
E9314
80123
1401
5161
36205
62989
1419
6002
7236
74361
78833
49301
71990
79401
87323
90181
38917
43881
29653
7482
53410
30752
9152
9583
83907
V6406
80119
20148
53430
63421
86353
67412
83114
78602
E9051
01304
01164
6261
71650
27540
8703
32362
4957
E8311
53101
3152
29614
36573
73009
53160
9165
3343
72665
E9505
E8058
5565
24221
99585
73020
66001
65251
66822
32724
42981
30742
E9466
07059
92821
80362
83309
83969
4749
8053
71840
51283
7597
71687
9112
30113
36859
64214
V1022
80070
V6107
E8742
72706
69012
43885
7760
01354
7013
75564
73396
71845
E9570
4910
70900
42518
38918
0031
2163
85223
4878
36646
2571
78053
47871
6021
47821
64263
80859
E8052
7320
E8240
2102
29502
1731
20252
V510
2533
20974
27731
41040
3411
E9572
53341
V6110
8209
8065
8679
01890
E9203
E0031
65414
66554
90225
6031
8977
E8042
95219
78865
20024
37410
20382
61801
38003
29544
9083
V4451
8400
E0030
64294
99984
64934
5511
81353
81314
78947
85209
01505
72882
64681
80230
71842
80170
60785
28264
79095
7323
82539
04590
75289
42654
3344
9122
81012
29625
72763
05440
25512
37210
5890
40400
20203
E8188
94320
E8735
80400
8171
72991
8461
9994
0309
1461
08249
71533
3081
7359
80146
E9659
07049
37922
60820
40201
32089
83921
5265
74353
59800
E8797
82520
7094
2312
29681
83311
6861
23773
75431
2253
2725
94203
E9240
36470
20071
E8242
8691
7237
64852
E856
11505
7246
20903
36204
73732
37530
29382
67202
20963
V468
40411
5909
5169
5200
E8138
3814
20512
45181
33701
20969
36284
71592
20048
E9583
71970
87321
0038
3069
V703
2302
27941
20206
V8811
V655
72632
3301
V580
29564
75029
5186
51633
86344
37312
96903
33920
20011
94209
1943
3524
80350
0709
5995
3879
36012
07953
37500
85210
36844
3108
74720
94524
E9801
80341
37850
40211
05412
36520
20943
03289
V583
986
E9821
36213
79380
40210
E9211
53211
53120
E9671
37956
69018
05320
52579
6221
28310
86102
6192
29512
36106
1453
7869
65821
66021
65411
40511
3062
V1869
32720
8902
80376
80366
38842
78960
V1364
E8248
38871
5671
V065
71904
33989
32713
E9274
2306
5993
9393
E9138
E9854
29990
71296
99941
94850
94325
94519
36511
5810
64103
79953
17322
9229
80011
85401
92701
64913
64883
64653
64243
94126
94321
87264
9540
83813
8783
V037
6255
17341
42491
37952
36801
E0139
9635
3154
31539
E8694
V0389
3739
3629
80060
V9039
E0071
85232
E8145
71918
E9250
60010
32725
5082
E8908
E8902
62981
29621
79671
3452
71666
E9674
0970
01123
9595
71950
2982
38302
38321
38906
30531
E9295
85183
E0060
80013
80113
E0062
E8278
17342
17332
17331
E9262
36910
9517
61189
5931
56960
E0138
E8343
99687
28241
38872
76511
1702
V0990
34701
6232
V400
1308
6963
71680
1838
37289
84512
20925
20971
95919
E0026
V0739
80144
85121
7916
86383
60781
5293
75530
94232
85245
6278
6965
71195
71985
78961
66614
55001
29522
3759
82331
82030
79552
71237
E9419
80718
81254
52489
V601
37182
2882
87269
8438
E9100
E8314
9309
E8258
78054
99569
7386
9189
E9334
1489
20060
5646
6251
71848
37820
28244
92420
01405
9104
3862
E8249
81610
27709
27702
4772
2140
94401
8460
2144
64943
V045
69279
30089
37955
V8709
5262
34442
20201
37886
44382
1430
20037
36552
01895
01085
5824
33912
4431
72230
01805
72673
V7651
E8767
30747
36811
81202
V789
76076
E8761
1898
73345
99565
71944
7947
32372
09181
3969
99680
2101
27489
1463
71897
E9470
92801
7912
30012
71891
20490
V122
V1553
7874
2813
316
E8851
V1381
78499
E9329
53401
37024
40413
9116
39899
63502
V1020
3060
61800
36241
E8637
43814
4144
6212
83801
7459
81404
9594
07998
29189
71216
1118
1745
8739
74924
71836
94426
E9881
80300
9555
8501
75441
81013
63310
1439
87333
80035
63381
63391
75537
75444
75240
74405
74402
7723
80140
80081
7042
E8226
V562
75435
80050
63590
63511
33521
V6889
9762
E8611
2161
77984
76418
75451
7576
74921
22800
74483
74322
7439
7782
74925
7751
7675
